11100011101000001100000000000000
11101100000000000000000000000000
11101100000000000000000000000000
11101100000000000000000000000000
11101010000000000000000000001000
11100011010111000000000000001001
11101100000000000000000000000000
00001010000000000000000000101010
11100001101000000010000000001100
11101100000000000000000000000000
11101100000000000000000000000000
11101100000000000000000000000000
11100010100011001100000000000001
11100011010100100000000000001000
11101100000000000000000000000000
10001010000000000000000000000101
11100001101000000011000000000010
11101100000000000000000000000000
11101100000000000000000000000000
11101100000000000000000000000000
11100010100000111001000000000001
11101100000000000000000000000000
11101100000000000000000000000000
11101100000000000000000000000000
11100110000100110101000000000001
11101100000000000000000000000000
11101100000000000000000000000000
11101100000000000000000000000000
11100110000100100100000000000000
11101100000000000000000000000000
11101100000000000000000000000000
11101100000000000000000000000000
11100001010101010000000000000100
11101100000000000000000000000000
10110100000001000000000000001001
10110100000001010000000000000010
11100011010100110000000000001000
11100010100000110011000000000001
11101100000000000000000000000000
11101100000000000000000000000000
00011010000000000000000000010100
11101010000000000000000000000101
11101100000000000000000000000000
11101100000000000000000000000000
11101100000000000000000000000000
11101100000000000000000000000000
11101100000000000000000000000000
11101100000000000000000000000000
11101100000000000000000000000000
11101010000000000000000000101110
